[{"id": 0, "img_name": "r_0", "width": 800, "height": 800, "position": [2.9340889465142683, 0.1772410534273297, 2.758569955825805], "rotation": [[-0.06029761955142022, 0.683071732521057, -0.7278578877449036], [0.9981804490089415, 0.04126267507672309, -0.04396809637546539], [-0.0, -0.7291845679283141, -0.6843169927597046]], "fy": 1111.1110311937682, "fx": 1111.1110311937682}, {"id": 1, "img_name": "r_1", "width": 800, "height": 800, "position": [2.4656240743932165, -1.0868707148189602, 2.9982342720031743], "rotation": [[0.4033591747283935, 0.6805809736251831, -0.6116460561752319], [0.9150418043136596, -0.3000065982341767, 0.26961943507194513], [-0.0, -0.6684350371360781, -0.7437704205513]], "fy": 1111.1110311937682, "fx": 1111.1110311937682}, {"id": 2, "img_name": "r_2", "width": 800, "height": 800, "position": [-1.054867165148935, -3.202944273200684, 2.2087111473083487], "rotation": [[0.9498140811920166, -0.17139542102813718, 0.2616803348064422], [-0.3128145933151245, -0.5204162597656249, 0.7945526838302612], [-2.321850484502658e-17, -0.8365347981452941, -0.5479137897491454]], "fy": 1111.1110311937682, "fx": 1111.1110311937682}, {"id": 3, "img_name": "r_3", "width": 800, "height": 800, "position": [-2.305608477406815, 1.5542226335615812, 2.9186575412750257], "rotation": [[-0.5589629411697388, -0.6003601551055906, 0.5719510316848755], [-0.8291925191879272, 0.4047059118747712, -0.3855551481246948], [-1.49011603182097e-08, -0.6897686123847963, -0.7240297794342042]], "fy": 1111.1110311937682, "fx": 1111.1110311937682}, {"id": 4, "img_name": "r_4", "width": 800, "height": 800, "position": [2.7845351874147726, -1.753083200770875, 2.3287470340728755], "rotation": [[0.5327822566032411, 0.48887234926223744, -0.6907581686973573], [0.84625244140625, -0.30778345465660095, 0.43488642573356634], [-3.8344783905003944e-17, -0.816255509853363, -0.5776910185813903]], "fy": 1111.1110311937682, "fx": 1111.1110311937682}, {"id": 5, "img_name": "r_5", "width": 800, "height": 800, "position": [-0.5890863039141879, 3.9039537981889887, 0.8137081861495975], "rotation": [[-0.9888061285018921, -0.03011808916926384, 0.14613433182239527], [-0.14920569956302643, 0.19959661364555364, -0.9684517383575438], [-1.8626451608682666e-09, -0.9794151186943055, -0.20185615122318273]], "fy": 1111.1110311937682, "fx": 1111.1110311937682}, {"id": 6, "img_name": "r_6", "width": 800, "height": 800, "position": [0.6817751131290429, -1.047081695852861, 3.832597255706787], "rotation": [[0.8380147218704224, 0.5187746286392213, -0.16912758350372317], [0.5456475019454957, -0.7967427968978881, 0.25974899530410767], [2.638862325743808e-17, -0.3099575340747833, -0.9507503509521483]], "fy": 1111.1110311937682, "fx": 1111.1110311937682}, {"id": 7, "img_name": "r_7", "width": 800, "height": 800, "position": [-2.602702896959397, -2.9596128104106945, 0.846539855003356], "rotation": [[0.7509344816207886, -0.138679563999176, 0.6456511616706847], [-0.6603766679763794, -0.15769678354263303, 0.7341896295547483], [1.4901160240914329e-08, -0.9777012467384338, -0.21000072360038752]], "fy": 1111.1110311937682, "fx": 1111.1110311937682}, {"id": 8, "img_name": "r_8", "width": 800, "height": 800, "position": [1.0294784031330073, 2.1876771579993437, 3.2255611419677725], "rotation": [[-0.9048213362693787, 0.3407025933265686, -0.25538215041160583], [0.4257913231849671, 0.7240048050880432, -0.5426958799362183], [-0.0, -0.5997822880744934, -0.8001632094383239]], "fy": 1111.1110311937682, "fx": 1111.1110311937682}, {"id": 9, "img_name": "r_9", "width": 800, "height": 800, "position": [0.41002869919766405, -2.5175285334245463, 3.1215262413024907], "rotation": [[0.9869949817657472, 0.12447872757911684, -0.10171560198068617], [0.16075141727924347, -0.7642848491668701, 0.6245219707489013], [7.450580602832199e-09, -0.6327509880065918, -0.7743553519248962]], "fy": 1111.1110311937682, "fx": 1111.1110311937682}, {"id": 10, "img_name": "r_10", "width": 800, "height": 800, "position": [0.8772858379548257, -0.04853215380053714, 3.9342107772827153], "rotation": [[0.0552363358438015, 0.9744675159454346, -0.21762782335281378], [0.9984732866287231, -0.053908318281173706, 0.012039344757795336], [9.313225765870499e-10, -0.21796053647994998, -0.9759575724601748]], "fy": 1111.1110311937682, "fx": 1111.1110311937682}, {"id": 11, "img_name": "r_11", "width": 800, "height": 800, "position": [2.989709809938843, 2.381455476920861, 1.2807435989379887], "rotation": [[-0.6230484247207642, 0.24851004779338845, -0.741655707359314], [0.7821831703186035, 0.1979508399963379, -0.5907663702964783], [-2.0585080184857628e-17, -0.9481866955757142, -0.31771337985992437]], "fy": 1111.1110311937682, "fx": 1111.1110311937682}, {"id": 12, "img_name": "r_12", "width": 800, "height": 800, "position": [-1.4212445373691038, -1.7224390215459078, 3.3560791015625004], "rotation": [[0.771322190761566, -0.5298662781715393, 0.35256737470626837], [-0.6364448666572574, -0.6421571373939515, 0.42728453874588024], [-1.490116122036331e-08, -0.5539636611938475, -0.8325407505035403]], "fy": 1111.1110311937682, "fx": 1111.1110311937682}, {"id": 13, "img_name": "r_13", "width": 800, "height": 800, "position": [3.0336590576375477, -2.364248006922006, 1.207163214683533], "rotation": [[0.6147074699401855, 0.23620092868804937, -0.7525582909584043], [0.7887551784515381, -0.18408052623271942, 0.5864977836608887], [2.0887687047241815e-17, -0.9541087746620178, -0.299460381269455]], "fy": 1111.1110311937682, "fx": 1111.1110311937682}, {"id": 14, "img_name": "r_14", "width": 800, "height": 800, "position": [0.6281325282310335, 0.40284203528011353, 3.961460351943969], "rotation": [[-0.5398494601249696, 0.8272137045860292, -0.15582050383090973], [0.8417617082595826, 0.5305193662643433, -0.09993281215429306], [1.1479897904989416e-17, -0.18511234223842624, -0.9827173352241516]], "fy": 1111.1110311937682, "fx": 1111.1110311937682}, {"id": 15, "img_name": "r_15", "width": 800, "height": 800, "position": [2.6738483403842315, -1.8285405177734957, 2.399369478225707], "rotation": [[0.5644873380661011, 0.4913114905357362, -0.6633002161979674], [0.8254416584968566, -0.3359887301921845, 0.45360511541366577], [1.4901158557749402e-08, -0.8035699725151063, -0.595210373401642]], "fy": 1111.1110311937682, "fx": 1111.1110311937682}, {"id": 16, "img_name": "r_16", "width": 800, "height": 800, "position": [-3.5449635653854092, -1.2127316958789003, 1.4874528646469116], "rotation": [[0.3236831128597259, -0.34912717342376715, 0.879397213459015], [-0.9461655020713807, -0.11943636834621427, 0.30084168910980225], [1.2204087017509681e-17, -0.9294326901435852, -0.36899164319038386]], "fy": 1111.1110311937682, "fx": 1111.1110311937682}, {"id": 17, "img_name": "r_17", "width": 800, "height": 800, "position": [0.760489340707853, 0.4101975632288926, 3.9374351501464835], "rotation": [[-0.47473073005676264, 0.8596745729446411, -0.18865418434143064], [0.8801311254501343, 0.4636967480182647, -0.1017574891448021], [7.450580597985966e-09, -0.21434782445430753, -0.9767574071884154]], "fy": 1111.1110311937682, "fx": 1111.1110311937682}, {"id": 18, "img_name": "r_18", "width": 800, "height": 800, "position": [0.9788307009871762, -0.412296817755244, 3.8886890411376958], "rotation": [[0.3881830275058745, 0.8890181779861449, -0.24281801283359533], [0.9215823411941527, -0.3744665682315826, 0.10227825492620467], [-1.2337606286298701e-17, -0.26347935199737554, -0.9646649956703187]], "fy": 1111.1110311937682, "fx": 1111.1110311937682}, {"id": 19, "img_name": "r_19", "width": 800, "height": 800, "position": [-3.1501927631417543, -2.1962580314193882, 1.2258615493774414], "rotation": [[0.5719099640846254, -0.2494572699069976, 0.781466603279114], [-0.8203164935112, -0.17391714453697202, 0.5448245406150817], [-2.1690057890861498e-17, -0.9526404738426207, -0.30409881472587585]], "fy": 1111.1110311937682, "fx": 1111.1110311937682}, {"id": 20, "img_name": "r_20", "width": 800, "height": 800, "position": [0.6559171550334425, 2.7788774997005357, 2.845630168914795], "rotation": [[-0.9732558131217957, 0.16216547787189486, -0.16271300613880157], [0.2297241240739822, 0.6870348453521729, -0.6893545985221862], [-7.450580582195995e-09, -0.7082975506782532, -0.7059139013290405]], "fy": 1111.1110311937682, "fx": 1111.1110311937682}, {"id": 21, "img_name": "r_21", "width": 800, "height": 800, "position": [-2.7633152133743755, 0.8657927708018665, 2.804370403289795], "rotation": [[-0.29898491501808167, -0.6638567447662352, 0.6854941248893737], [-0.9542577862739563, 0.20799739658832558, -0.21477675437927246], [1.9026281438537376e-17, -0.7183530926704407, -0.6956786513328553]], "fy": 1111.1110311937682, "fx": 1111.1110311937682}, {"id": 22, "img_name": "r_22", "width": 800, "height": 800, "position": [3.329159030295792, -1.0486577466126519, 2.0166845321655282], "rotation": [[0.3004394173622132, 0.47716549038887013, -0.8258627057075498], [0.953800916671753, -0.1503032147884369, 0.26013997197151184], [2.2922294882122457e-17, -0.8658648729324341, -0.500277876853943]], "fy": 1111.1110311937682, "fx": 1111.1110311937682}, {"id": 23, "img_name": "r_23", "width": 800, "height": 800, "position": [-3.512465481567312, -1.0692994444208779, 1.6640871763229368], "rotation": [[0.29123347997665405, -0.3949146866798401, 0.8713354468345642], [-0.956652045249939, -0.1202238351106644, 0.2652605473995209], [-0.0, -0.9108174443244934, -0.4128092229366302]], "fy": 1111.1110311937682, "fx": 1111.1110311937682}, {"id": 24, "img_name": "r_24", "width": 800, "height": 800, "position": [1.1692273826100577, -0.8635025933090574, 3.7599561214447017], "rotation": [[0.594075560569763, 0.750296890735626, -0.2900496125221253], [0.8044092655181884, -0.5541123151779175, 0.2142086327075958], [2.0824922600738832e-17, -0.3605746924877167, -0.9327303171157838]], "fy": 1111.1110311937682, "fx": 1111.1110311937682}, {"id": 25, "img_name": "r_25", "width": 800, "height": 800, "position": [3.536251295072381, 1.4719324387294204, 1.256320357322693], "rotation": [[-0.3842804431915283, 0.2877247631549835, -0.8772359490394591], [0.9232164025306702, 0.11976281553506854, -0.3651414811611176], [-3.65222855360112e-17, -0.9501954317092896, -0.31165471673011785]], "fy": 1111.1110311937682, "fx": 1111.1110311937682}, {"id": 26, "img_name": "r_26", "width": 800, "height": 800, "position": [-1.2152263265727021, 2.184191208063372, 3.162678241729736], "rotation": [[-0.8738536834716798, -0.3814464211463928, 0.30146053433418263], [-0.4861890971660615, 0.6855940222740173, -0.5418311357498169], [1.4901161209924606e-08, -0.6200478672981263, -0.7845638990402221]], "fy": 1111.1110311937682, "fx": 1111.1110311937682}, {"id": 27, "img_name": "r_27", "width": 800, "height": 800, "position": [2.7736089459058846, 1.362131429675941, 2.588762283325195], "rotation": [[-0.44081440567970276, 0.5764310956001282, -0.6880477666854858], [0.8975982069969177, 0.2830878496170044, -0.3379032611846924], [1.4901158536067278e-08, -0.7665430903434755, -0.6421929597854615]], "fy": 1111.1110311937682, "fx": 1111.1110311937682}, {"id": 28, "img_name": "r_28", "width": 800, "height": 800, "position": [0.13488903120560222, 2.479776383540325, 3.175297498703002], "rotation": [[-0.998523771762848, 0.042783889919519424, -0.033461853861808784], [0.054315347224473974, 0.7865315079689025, -0.6151568293571472], [-0.0, -0.6160662174224852, -0.7876943349838257]], "fy": 1111.1110311937682, "fx": 1111.1110311937682}, {"id": 29, "img_name": "r_29", "width": 800, "height": 800, "position": [-3.721463933453409, 0.7320828879208561, 1.3655624389648438], "rotation": [[-0.19301976263523102, -0.33238399028778076, 0.9231815934181212], [-0.9811948537826538, 0.06538626551628111, -0.1816074252128601], [1.2811716521501362e-17, -0.9408747553825377, -0.3387543559074402]], "fy": 1111.1110311937682, "fx": 1111.1110311937682}, {"id": 30, "img_name": "r_30", "width": 800, "height": 800, "position": [-0.44058198422274963, -2.3286910044097744, 3.2608413696289062], "rotation": [[0.9825687408447265, -0.15037679672241208, 0.10929493606090546], [-0.18589931726455686, -0.7948148250579833, 0.5776771306991576], [-7.450580135682252e-09, -0.5879253149032595, -0.8089151978492738]], "fy": 1111.1110311937682, "fx": 1111.1110311937682}, {"id": 31, "img_name": "r_31", "width": 800, "height": 800, "position": [-0.8433156263124383, -1.2747694483087408, 3.7301182746887207], "rotation": [[0.8340170979499817, -0.5105394721031189, 0.20920085906982425], [-0.5517387390136719, -0.7717396616935729, 0.31623136997222906], [-0.0, -0.3791665732860565, -0.9253284335136411]], "fy": 1111.1110311937682, "fx": 1111.1110311937682}, {"id": 32, "img_name": "r_32", "width": 800, "height": 800, "position": [-1.4269753258866815, -3.1722130971430538, 2.037352800369263], "rotation": [[0.9119774699211121, -0.20733745396137238, 0.35398900508880615], [-0.4102402031421662, -0.4609180092811584, 0.786929190158844], [1.4901160324577072e-08, -0.8628822565078735, -0.5054050087928772]], "fy": 1111.1110311937682, "fx": 1111.1110311937682}, {"id": 33, "img_name": "r_33", "width": 800, "height": 800, "position": [-2.278509357963222, -2.885844962069618, 1.6523606777191153], "rotation": [[0.7848549485206604, -0.25400680303573614, 0.5652285814285279], [-0.6196796298027037, -0.32171219587326055, 0.7158899903297424], [-1.4901161243038357e-08, -0.9121303558349612, -0.4099002182483673]], "fy": 1111.1110311937682, "fx": 1111.1110311937682}, {"id": 34, "img_name": "r_34", "width": 800, "height": 800, "position": [-3.0124896235459206, -2.6157087878047482, 0.5770394206047059], "rotation": [[0.6556293368339539, -0.10808698087930681, 0.7473067641258239], [-0.7550827860832214, -0.09385062754154204, 0.6488775014877318], [-0.0, -0.9897015690803528, -0.1431458741426468]], "fy": 1111.1110311937682, "fx": 1111.1110311937682}, {"id": 35, "img_name": "r_35", "width": 800, "height": 800, "position": [3.442685639638494, 1.147312296072927, 1.7554457187652581], "rotation": [[-0.3161658942699432, 0.4131344556808471, -0.8540251851081849], [0.948703944683075, 0.13768154382705683, -0.284613162279129], [7.450580591112812e-09, -0.9002020359039306, -0.4354724884033203]], "fy": 1111.1110311937682, "fx": 1111.1110311937682}, {"id": 36, "img_name": "r_36", "width": 800, "height": 800, "position": [1.2731688955706255, 3.6940271532804583, 0.9915663003921508], "rotation": [[-0.945422887802124, 0.08015067130327223, -0.31583431363105774], [0.3258457183837891, 0.23255263268947604, -0.9163753390312196], [-1.3451401017461748e-17, -0.9692755937576294, -0.24597732722759244]], "fy": 1111.1110311937682, "fx": 1111.1110311937682}, {"id": 37, "img_name": "r_37", "width": 800, "height": 800, "position": [0.18674571244907873, 3.8700914385671723, 1.1124380826950073], "rotation": [[-0.9988377690315247, 0.013300671242177483, -0.046325910836458206], [0.048197481781244285, 0.27564120292663574, -0.9600515365600586], [-9.313224079409278e-10, -0.9611686468124389, -0.27596190571784973]], "fy": 1111.1110311937682, "fx": 1111.1110311937682}, {"id": 38, "img_name": "r_38", "width": 800, "height": 800, "position": [-1.252430981127655, -2.4990046294525103, 2.9045469760894798], "rotation": [[0.8940076231956482, -0.32283431291580206, 0.31068986654281616], [-0.4480515122413635, -0.6441588401794435, 0.6199266910552979], [1.4901159359300588e-08, -0.6934242844581604, -0.7205293774604798]], "fy": 1111.1110311937682, "fx": 1111.1110311937682}, {"id": 39, "img_name": "r_39", "width": 800, "height": 800, "position": [-2.8429426711506105, 2.5081122415071033, 1.3700549602508547], "rotation": [[-0.6615672707557677, -0.2548627853393554, 0.7052472829818724], [-0.749885857105255, 0.22484606504440316, -0.6221860647201538], [1.957454304085399e-17, -0.9404727816581727, -0.3398688137531281]], "fy": 1111.1110311937682, "fx": 1111.1110311937682}, {"id": 40, "img_name": "r_40", "width": 800, "height": 800, "position": [-1.3316336405875497, -1.6439115411602605, 3.431370735168456], "rotation": [[0.7770488262176514, -0.5357910990715028, 0.3303376734256744], [-0.6294403672218324, -0.6614381074905394, 0.40780431032180786], [-0.0, -0.5248116850852966, -0.8512184023857116]], "fy": 1111.1110311937682, "fx": 1111.1110311937682}, {"id": 41, "img_name": "r_41", "width": 800, "height": 800, "position": [3.460775148380714, 1.6751199724502688, 1.2112015485763552], "rotation": [[-0.4356771111488341, 0.2704468369483948, -0.8585126399993895], [0.9001030325889586, 0.1309044510126114, -0.41554611921310425], [-7.4505805900351755e-09, -0.9537936449050903, -0.30046212673187256]], "fy": 1111.1110311937682, "fx": 1111.1110311937682}, {"id": 42, "img_name": "r_42", "width": 800, "height": 800, "position": [0.8758285344249599, -3.721527331000059, 1.2779508829116821], "rotation": [[0.973406970500946, 0.07262394577264786, -0.21726630628108975], [0.22908273339271545, -0.3085900843143463, 0.9231972694396973], [-0.0, -0.9484186768531798, -0.3170205950736999]], "fy": 1111.1110311937682, "fx": 1111.1110311937682}, {"id": 43, "img_name": "r_43", "width": 800, "height": 800, "position": [-0.1830400234109175, -0.08644683540317424, 4.026042938232422], "rotation": [[0.4270518720149994, -0.9030863642692566, 0.04540663957595825], [-0.9042271375656128, -0.42651307582855225, 0.021444819867610928], [3.1332098864390625e-18, -0.05021578073501587, -0.9987382888793945]], "fy": 1111.1110311937682, "fx": 1111.1110311937682}, {"id": 44, "img_name": "r_44", "width": 800, "height": 800, "position": [2.4002134782002202, -0.2887005955245062, 3.2257757186889657], "rotation": [[0.11942046135663988, 0.794489860534668, -0.5954196453094481], [0.992843806743622, -0.0955622047185898, 0.07161779701709749], [-0.0, -0.5997112393379211, -0.8002164363861085]], "fy": 1111.1110311937682, "fx": 1111.1110311937682}, {"id": 45, "img_name": "r_45", "width": 800, "height": 800, "position": [-3.112459919792869, -1.4763531225330941, 2.0935554504394527], "rotation": [[0.4285675883293152, -0.469235211610794, 0.7721062898635864], [-0.9035096764564515, -0.22257536649703988, 0.36623814702034], [1.4901160338086504e-08, -0.854563295841217, -0.5193471908569336]], "fy": 1111.1110311937682, "fx": 1111.1110311937682}, {"id": 46, "img_name": "r_46", "width": 800, "height": 800, "position": [-1.5808614495619309, -3.3735849855829434, 1.5394161939620974], "rotation": [[0.905511200428009, -0.16204115748405457, 0.39216345548629766], [-0.42432242631912237, -0.34579855203628534, 0.8368834257125854], [-0.0, -0.924211025238037, -0.3818821609020233]], "fy": 1111.1110311937682, "fx": 1111.1110311937682}, {"id": 47, "img_name": "r_47", "width": 800, "height": 800, "position": [3.348730803955031, -1.1122604565812717, 1.949071407318115], "rotation": [[0.3152116537094117, 0.45885670185089117, -0.8307178616523743], [0.9490214586257935, -0.15240645408630374, 0.2759178578853608], [-2.3057055058054997e-17, -0.8753415942192078, -0.4835051000118255]], "fy": 1111.1110311937682, "fx": 1111.1110311937682}, {"id": 48, "img_name": "r_48", "width": 800, "height": 800, "position": [0.5347943673762062, -3.7356209787620815, 1.4174379110336301], "rotation": [[0.9899073839187622, 0.049830581992864616, -0.13266615569591522], [0.14171589910984037, -0.3480742573738098, 0.9266934990882875], [3.725290303534719e-09, -0.9361416697502136, -0.3516230583190918]], "fy": 1111.1110311937682, "fx": 1111.1110311937682}, {"id": 49, "img_name": "r_49", "width": 800, "height": 800, "position": [0.25989140725953097, 0.9371808804321192, 3.912051677703858], "rotation": [[-0.96363365650177, 0.2593333125114441, -0.06447112560272218], [0.26722705364227295, 0.9351683855056763, -0.2324859648942947], [1.3467846195219914e-17, -0.24125973880290982, -0.9704605937004089]], "fy": 1111.1110311937682, "fx": 1111.1110311937682}, {"id": 50, "img_name": "r_000", "width": 800, "height": 800, "position": [2.382385725321618, 0.5821518523844013, 3.199271202087403], "rotation": [[-0.23737262189388275, 0.7709580659866333, -0.5909972190856934], [0.9714186191558838, 0.18838874995708466, -0.1444141119718552], [7.450580124405632e-09, -0.6083856821060181, -0.7936415672302247]], "fy": 1111.1110311937682, "fx": 1111.1110311937682}, {"id": 51, "img_name": "r_001", "width": 800, "height": 800, "position": [1.3391513690443773, -0.900441785716755, 3.6940329074859606], "rotation": [[0.5579881072044373, 0.760454297065735, -0.3322025537490844], [0.8298488855361938, -0.5113273859024047, 0.2233721017837524], [1.4901160277542603e-08, -0.40031695365905756, -0.9163767695426942]], "fy": 1111.1110311937682, "fx": 1111.1110311937682}, {"id": 52, "img_name": "r_002", "width": 800, "height": 800, "position": [1.7119638102708103, -1.3361387107674743, 3.3961615562438943], "rotation": [[0.6152627468109131, 0.6641487479209899, -0.42468595504760737], [0.7883220911026001, -0.5183489918708801, 0.33145520091056824], [1.4901161179073923e-08, -0.5387213826179504, -0.8424839973449705]], "fy": 1111.1110311937682, "fx": 1111.1110311937682}, {"id": 53, "img_name": "r_003", "width": 800, "height": 800, "position": [1.9693804767590855, -2.6909780657275544, 2.2649893760681152], "rotation": [[0.8069770932197571, 0.33183348178863525, -0.48854312300682057], [0.5905826091766357, -0.4534200727939606, 0.667549431324005], [-4.5920064820599376e-17, -0.8272223472595215, -0.5618746280670166]], "fy": 1111.1110311937682, "fx": 1111.1110311937682}, {"id": 54, "img_name": "r_004", "width": 800, "height": 800, "position": [-0.7234129266558152, -2.650806888748935, 2.949558734893799], "rotation": [[0.9647207856178283, -0.19263719022274015, 0.17945665121078488], [-0.2632750868797303, -0.7058818340301515, 0.657584249973297], [-0.0, -0.6816316246986388, -0.7316954731941225]], "fy": 1111.1110311937682, "fx": 1111.1110311937682}, {"id": 55, "img_name": "r_005", "width": 800, "height": 800, "position": [-2.0413613256346963, -0.48140889099538403, 3.4425413608551025], "rotation": [[0.22953112423419947, -0.8311888575553893, 0.5063993930816652], [-0.9733014106750487, -0.19601708650588984, 0.11942283809185027], [1.1535066089070487e-17, -0.5202904343605043, -0.8539894223213196]], "fy": 1111.1110311937682, "fx": 1111.1110311937682}, {"id": 56, "img_name": "r_006", "width": 800, "height": 800, "position": [-2.5617248780036608, 2.633945017347611, 1.6582815647125335], "rotation": [[-0.7168663740158081, -0.2868108451366424, 0.6354857683181762], [-0.6972106099128723, 0.29489660263061523, -0.653401434421539], [2.980232237034344e-08, -0.9114688634872437, -0.4113690555095673]], "fy": 1111.1110311937682, "fx": 1111.1110311937682}, {"id": 57, "img_name": "r_007", "width": 800, "height": 800, "position": [-0.28222098491909375, 0.6376243253804665, 3.9703633785247807], "rotation": [[-0.9144318699836731, -0.3986386656761169, 0.07001041620969772], [-0.404739648103714, 0.9006478190422058, -0.15817514061927793], [1.3668594658080407e-17, -0.1729763299226761, -0.9849260449409484]], "fy": 1111.1110311937682, "fx": 1111.1110311937682}, {"id": 58, "img_name": "r_008", "width": 800, "height": 800, "position": [-1.0293960318290971, 1.257054588054929, 3.6891946792602544], "rotation": [[-0.7736867070198059, -0.579826831817627, 0.2553617358207703], [-0.6335683465003967, 0.7080598473548888, -0.31183686852455134], [5.080250500363852e-17, -0.40305313467979426, -0.9151765704154968]], "fy": 1111.1110311937682, "fx": 1111.1110311937682}, {"id": 59, "img_name": "r_009", "width": 800, "height": 800, "position": [2.8370711354782414, -2.6823332784258618, 1.0030539035797121], "rotation": [[0.6870129108428953, 0.18080894649028778, -0.7037907242774963], [0.7266451716423034, -0.17094737291336057, 0.665404975414276], [-7.450580583714899e-09, -0.9685478806495667, -0.24882704019546512]], "fy": 1111.1110311937682, "fx": 1111.1110311937682}, {"id": 60, "img_name": "r_010", "width": 800, "height": 800, "position": [-1.3273212904248746, 0.23043085948622782, 3.799357652664184], "rotation": [[-0.17104747891426086, -0.9286149144172668, 0.3292679190635681], [-0.9852627515792847, 0.1612130701541901, -0.05716286599636079], [6.4435598299014856e-18, -0.3341927826404571, -0.9425047636032106]], "fy": 1111.1110311937682, "fx": 1111.1110311937682}, {"id": 61, "img_name": "r_011", "width": 800, "height": 800, "position": [-1.9940563187656197, 2.8428344067618454, 2.047445058822636], "rotation": [[-0.81868052482605, -0.29166606068611145, 0.4946644604206084], [-0.5742490887641906, 0.4158148765563965, -0.7052204012870786], [2.9802322379935223e-08, -0.8614108562469484, -0.507908582687378]], "fy": 1111.1110311937682, "fx": 1111.1110311937682}, {"id": 62, "img_name": "r_012", "width": 800, "height": 800, "position": [-0.7868921204499846, 1.4540316165333789, 3.6764919757843018], "rotation": [[-0.8794713020324707, -0.4340801835060119, 0.19520390033721927], [-0.4759518802165985, 0.8021001219749451, -0.36070081591606146], [-0.0, -0.4101337194442749, -0.9120253324508667]], "fy": 1111.1110311937682, "fx": 1111.1110311937682}, {"id": 63, "img_name": "r_013", "width": 800, "height": 800, "position": [2.4441002376025627, -2.4470516675731404, 2.0708241462707497], "rotation": [[0.7075332999229431, 0.3630273342132569, -0.6063066124916077], [0.7066798806190492, -0.3634657561779023, 0.6070387959480285], [-1.4901160420279624e-08, -0.8579649329185486, -0.513708233833313]], "fy": 1111.1110311937682, "fx": 1111.1110311937682}, {"id": 64, "img_name": "r_014", "width": 800, "height": 800, "position": [-0.5743434331633523, 1.20086101034522, 3.8050048351287833], "rotation": [[-0.9021287560462952, -0.4072640240192414, 0.14247708022594452], [-0.4314668476581574, 0.8515244126319886, -0.29789695143699646], [-2.6198641377430576e-17, -0.3302154541015624, -0.9439055323600768]], "fy": 1111.1110311937682, "fx": 1111.1110311937682}, {"id": 65, "img_name": "r_015", "width": 800, "height": 800, "position": [0.4465930121154422, 1.6507797333389955, 3.650408506393432], "rotation": [[-0.965299129486084, 0.2364827394485473, -0.11078609526157379], [0.2611468136310578, 0.8741312026977538, -0.4095080494880677], [-7.450580607902836e-09, -0.4242292642593384, -0.9055548906326293]], "fy": 1111.1110311937682, "fx": 1111.1110311937682}, {"id": 66, "img_name": "r_016", "width": 800, "height": 800, "position": [1.1486510468503666, 0.9173666892307084, 3.7535367012023935], "rotation": [[-0.6240501403808594, 0.7275764942169191, -0.2849452793598175], [0.7813841700553894, 0.5810768008232117, -0.22757069766521454], [-2.0194303922190937e-17, -0.3646671772003174, -0.9311379790306092]], "fy": 1111.1110311937682, "fx": 1111.1110311937682}, {"id": 67, "img_name": "r_017", "width": 800, "height": 800, "position": [-0.7873805758893153, -0.28853902287422656, 3.9429402351379395], "rotation": [[0.3440788686275481, -0.9183996319770813, 0.19532507658004764], [-0.9389407038688659, -0.3365515172481537, 0.0715777203440666], [-0.0, -0.2080269753932953, -0.9781230688095094]], "fy": 1111.1110311937682, "fx": 1111.1110311937682}, {"id": 68, "img_name": "r_018", "width": 800, "height": 800, "position": [3.6126000468782347, 1.5553303722812681, 0.8832153081893929], "rotation": [[-0.39543807506561274, 0.20124055445194247, -0.8961756825447084], [0.9184927344322203, 0.08663997054100037, -0.3858299255371093], [7.450581482607122e-09, -0.9757025837898254, -0.21909873187541964]], "fy": 1111.1110311937682, "fx": 1111.1110311937682}, {"id": 69, "img_name": "r_019", "width": 800, "height": 800, "position": [1.615050434763134, -0.2104144268649944, 3.687456846237182], "rotation": [[0.12919169664382935, 0.9070795774459839, -0.4006446897983552], [0.9916197061538696, -0.11817751079797743, 0.05219739302992821], [-3.725290743859777e-09, -0.4040305912494659, -0.9147454500198365]], "fy": 1111.1110311937682, "fx": 1111.1110311937682}]